#row 	col 	t0 	t 	deltaT 	thl 	par0 	par1 	par2 	par3
0	0	608.832	654.629	45.7969	18	141.145	15.32	0.877399	608.853
0	16	608.465	659.34	50.875	16	46.7912	13.9573	0.46932	605.977
0	32	608.348	656.223	47.875	16	69.3944	11.0586	0.594221	606.271
0	48	608.348	657.824	49.4766	16	73.9282	10.299	0.614561	606.373
0	64	608.348	646.793	38.4453	14	102.58	13.1688	0.765988	607.263
0	80	608.348	654.707	46.3594	14	223.044	2.96306	0.952576	607.451
0	96	608.348	657.816	49.4688	16	826.859	-2.6636	1.27986	607.825
0	112	608.348	651.582	43.2344	14	37.6528	15.3591	0.447413	605.381
0	128	608.348	654.715	46.3672	18	34.8097	19.7773	0.280648	601.589
0	144	608.348	659.41	51.0625	18	130.826	8.50069	0.794028	607.058
0	160	608.348	654.676	46.3281	16	30.4197	17.7134	0.390637	605.011
0	176	608.348	657.816	49.4688	14	300.866	1.6146	1.04727	607.617
0	192	608.348	651.512	43.1641	14	218.599	11.4383	1.06967	607.945
0	208	608.496	660.941	52.4453	18	49.4598	14.5532	0.44582	605.186
0	224	608.348	654.629	46.2812	16	30.6901	17.9058	0.238077	600.747
0	240	608.348	664.059	55.7109	14	237.59	3.27916	0.994038	607.563
16	0	608.348	651.035	42.6875	16	27.6648	17.9433	0.211338	600.281
16	16	609.434	651.316	41.8828	20	238.932	13.373	1.03784	609.477
16	32	608.379	660.91	52.5312	16	44.6589	13.3275	0.432595	605.143
16	48	608.387	657.832	49.4453	18	37.9129	16.0467	0.381311	604.699
16	64	608.348	651.512	43.1641	16	162.584	10.3698	0.89095	607.584
16	80	608.348	649.66	41.3125	12	37.9826	13.3596	0.386986	604.319
16	96	608.348	660.91	52.5625	16	202.33	5.2944	0.915373	607.35
16	112	608.348	650.887	42.5391	16	32.3227	17.5972	0.386726	604.789
16	128	608.348	651.41	43.0625	14	439.415	5.67373	1.19506	607.946
16	144	608.348	656.332	47.9844	16	132.559	7.83895	0.78643	606.992
16	160	608.348	657.785	49.4375	14	33.2665	15.8209	0.295808	602.408
16	176	608.348	654.652	46.3047	20	72.0287	12.8782	0.5595	605.735
16	192	608.348	654.637	46.2891	14	103.699	13.6762	0.800566	607.625
16	208	608.348	642.488	34.1406	16	40.2317	16.7926	0.432441	605.006
16	224	608.348	657.777	49.4297	18	198.584	6.60854	0.920559	607.384
16	240	608.387	660.934	52.5469	18	46.9071	14.9318	0.430363	604.959
32	0	608.777	646.082	37.3047	16	29.9006	17.6384	0.317022	604.717
32	16	608.918	657.816	48.8984	16	62.287	11.6669	0.601397	607.757
32	32	609.684	657.762	48.0781	20	95.5895	12.3484	0.71974	608.56
32	48	608.504	657.793	49.2891	14	135.885	13.0449	0.875938	608.529
32	64	608.348	651.535	43.1875	12	32.0328	13.7107	0.324304	603.596
32	80	608.348	662.496	54.1484	14	86.6222	7.85201	0.685277	606.758
32	96	608.348	657.785	49.4375	14	33.1028	15.808	0.307132	602.786
32	112	608.348	654.676	46.3281	14	148.613	12.4177	0.911561	607.742
32	128	608.348	654.707	46.3594	16	134.486	7.08997	0.796419	607.049
32	144	608.348	634.816	26.4688	16	50.6891	16.6047	0.485665	605.432
32	160	608.348	648.387	40.0391	16	52.0372	16.7023	0.489219	605.196
32	176	608.348	657.738	49.3906	14	34.3012	15.8143	0.287983	601.979
32	192	608.348	651.238	42.8906	12	36.3577	13.5043	0.367473	603.996
32	208	608.348	656.238	47.8906	14	327.162	0.00464684	1.04938	607.587
32	224	609.504	657.777	48.2734	16	83.8372	11.4653	0.653472	608.006
32	240	609.863	657.809	47.9453	16	116.439	9.3488	0.771087	608.959
48	0	608.871	664.098	55.2266	16	66.7551	9.30215	0.622449	607.886
48	16	608.996	657.832	48.8359	16	29.9308	17.8423	0.311061	604.635
48	32	608.348	654.629	46.2812	14	108.096	13.0655	0.751649	607.196
48	48	608.355	654.691	46.3359	14	49.6058	11.2241	0.469284	605.398
48	64	608.348	653.082	44.7344	12	34.6694	13.69	0.313706	602.952
48	80	608.355	660.926	52.5703	12	65.3168	8.5949	0.554206	605.917
48	96	608.348	657.832	49.4844	16	55.5994	13.373	0.535381	605.931
48	112	608.348	654.676	46.3281	14	33.2918	15.71	0.342385	603.718
48	128	608.348	660.902	52.5547	16	82.2503	9.79801	0.655181	606.582
48	144	609.66	657.777	48.1172	18	34.5572	19.6743	0.361838	605.834
48	160	608.348	660.926	52.5781	14	96.3436	7.71792	0.694744	606.687
48	176	608.348	660.895	52.5469	16	74.106	10.0459	0.596625	606.16
48	192	608.348	660.949	52.6016	20	80.4419	12.3791	0.614889	606.209
48	208	608.355	660.926	52.5703	18	48.856	14.9589	0.450262	605.024
48	224	608.402	657.777	49.375	16	32.2943	17.9004	0.244627	600.983
48	240	608.363	654.66	46.2969	18	42.0247	14.5829	0.40219	604.588
64	0	609.605	652.84	43.2344	14	31.0676	15.6856	0.354224	605.949
64	16	608.793	654.629	45.8359	16	27.8129	17.8821	0.280441	603.946
64	32	608.52	636.168	27.6484	12	50.5316	12.7594	0.49713	606.423
64	48	608.355	657.809	49.4531	16	40.213	13.2432	0.394896	604.646
64	64	608.348	660.965	52.6172	16	49.4894	12.6462	0.465711	605.261
64	80	608.348	640.816	32.4688	18	34.8247	19.1752	0.335054	603.503
64	96	608.348	660.926	52.5781	14	84.5172	7.60606	0.66699	606.631
64	112	608.348	646.012	37.6641	14	37.0874	15.2338	0.395181	604.565
64	128	608.605	656.246	47.6406	16	54.5128	12.815	0.494527	606.207
64	144	608.348	654.637	46.2891	14	241.456	10.5579	0.985507	607.89
64	160	608.348	657.793	49.4453	18	122.181	9.33439	0.77936	607.027
64	176	608.387	642.262	33.875	14	35.2966	15.3148	0.301558	602.554
64	192	608.348	657.77	49.4219	14	49.9168	11.1967	0.511826	605.717
64	208	608.348	657.848	49.5	18	50.6463	15.7799	0.516294	605.754
64	224	608.348	657.832	49.4844	16	70.4323	10.447	0.612386	606.401
64	240	608.348	657.777	49.4297	16	89.6104	8.23537	0.685897	606.725
80	0	608.488	651.535	43.0469	14	29.2042	15.8709	0.253375	602.446
80	16	609.895	657.762	47.8672	18	32.1556	19.7336	0.35764	606.091
80	32	608.379	654.629	46.25	10	117.766	8.65823	0.766624	607.529
80	48	608.582	656.285	47.7031	16	46.5329	13.9438	0.47842	606.412
80	64	608.504	654.676	46.1719	16	30.0056	17.8912	0.251797	602.203
80	80	608.348	657.809	49.4609	16	31.0809	17.894	0.263357	601.655
80	96	608.348	656.254	47.9062	12	31.1135	13.8296	0.303485	602.962
80	112	608.348	654.684	46.3359	14	124.084	13.0956	0.852921	607.64
80	128	608.348	649.973	41.625	10	139.72	8.42613	0.861657	607.516
80	144	608.441	654.66	46.2188	16	35.9018	17.7121	0.297585	602.585
80	160	608.348	657.77	49.4219	16	81.8492	8.80725	0.628734	606.348
80	176	608.348	657.77	49.4219	12	33.8944	13.7067	0.370283	604.304
80	192	608.348	657.816	49.4688	20	124.261	10.5992	0.749644	606.795
80	208	608.355	657.801	49.4453	14	38.2741	15.6449	0.339771	603.35
80	224	609.371	651.512	42.1406	16	66.3967	16.1124	0.607133	607.842
80	240	608.637	657.754	49.1172	16	30.1559	17.8867	0.272542	603.141
96	0	609.91	640.137	30.2266	16	29.0077	17.3238	0.356979	606.562
96	16	609.926	659.324	49.3984	14	113.158	7.01749	0.787118	609.203
96	32	609.723	656.191	46.4688	18	45.7474	16.0278	0.501481	607.45
96	48	608.402	654.652	46.25	12	121.679	10.7051	0.790445	607.759
96	64	609.801	664.043	54.2422	14	131.916	5.88144	0.814042	609.042
96	80	608.348	654.629	46.2812	16	135.141	11.3818	0.805173	607.521
96	96	608.348	659.426	51.0781	16	186.706	5.93432	0.914981	607.405
96	112	608.348	647.793	39.4453	16	37.8209	17.2762	0.39935	604.598
96	128	608.355	664.043	55.6875	16	41.5588	13.6173	0.409816	604.881
96	144	608.348	654.629	46.2812	18	29.4934	19.8619	0.285611	602.678
96	160	608.348	654.715	46.3672	20	68.2493	12.4729	0.582485	606.143
96	176	608.348	657.84	49.4922	14	84.6631	8.06367	0.680306	606.732
96	192	608.348	654.691	46.3438	14	29.8389	15.8941	0.256125	601.634
96	208	608.348	657.809	49.4609	14	58.3055	9.37867	0.511742	605.579
96	224	609.816	657.77	47.9531	20	99.0186	12.1426	0.712377	608.585
96	240	608.426	657.785	49.3594	16	48.3801	14.7184	0.534267	608.8
112	0	609.809	664.051	54.2422	14	98.5449	6.39099	0.751131	608.879
112	16	609.855	654.668	44.8125	14	26.6614	15.8463	0.321039	605.985
112	32	610.934	650.105	39.1719	14	42.6386	14.8849	0.552044	609.432
112	48	609.012	654.449	45.4375	14	241.935	7.94557	1.01607	609.095
112	64	609.777	657.785	48.0078	12	34.0665	13.6672	0.37479	606.219
112	80	608.465	660.902	52.4375	14	49.9464	11.4643	0.469768	605.786
112	96	608.371	651.512	43.1406	16	408.659	11.3023	1.13336	608.311
112	112	608.348	654.691	46.3438	12	41.5621	13.2804	0.485608	605.749
112	128	608.371	657.809	49.4375	14	34.2861	15.7993	0.29666	602.554
112	144	608.379	654.613	46.2344	16	52.9825	12.292	0.469465	605.284
112	160	608.707	654.645	45.9375	16	31.82	17.8402	0.267253	602.659
112	176	609.684	651.512	41.8281	18	4000	1.49773	1.66418	610.08
112	192	608.348	654.715	46.3672	20	58.0041	13.5092	0.533974	605.879
112	208	608.363	651.59	43.2266	12	67.8521	12.2081	0.590887	606.495
112	224	608.348	651.512	43.1641	12	64.4357	12.2697	0.570934	606.046
112	240	609.801	647.098	37.2969	12	101.663	11.1923	0.745137	608.951
128	0	611.316	650.113	38.7969	14	30.454	15.5232	0.414814	608.492
128	16	609.973	664.066	54.0938	16	43.6166	13.3208	0.506585	608.075
128	32	608.426	656.254	47.8281	14	43.8655	12.2152	0.438736	605.571
128	48	608.621	648.449	39.8281	12	34.7361	13.4573	0.359456	605.038
128	64	609.434	657.801	48.3672	12	35.7663	13.5934	0.402668	606.326
128	80	608.355	664.098	55.7422	14	47.6852	10.6035	0.455349	605.263
128	96	608.348	660.895	52.5469	16	51.366	13.1127	0.49146	605.581
128	112	608.348	660.965	52.6172	16	53.9901	13.5054	0.507428	605.641
128	128	610.105	644.496	34.3906	16	42.0591	16.6243	0.461424	607.766
128	144	608.348	654.668	46.3203	14	29.7484	15.9293	0.226099	600.502
128	160	608.348	654.629	46.2812	18	30.0277	19.9376	0.215983	599.941
128	176	608.348	648.48	40.1328	12	38.409	13.2881	0.390997	604.35
128	192	608.348	651.574	43.2266	16	75.4509	9.99485	0.61883	606.365
128	208	608.348	660.926	52.5781	14	52.3136	11.2906	0.504326	605.67
128	224	609.723	660.949	51.2266	16	93.6575	10.4375	0.710094	608.591
128	240	610.082	654.691	44.6094	14	37.6633	15.4059	0.427939	607.451
144	0	611.121	642.23	31.1094	14	91.5553	13.8434	0.847934	610.584
144	16	611.004	653.098	42.0938	16	36.1644	17.3198	0.495546	609.054
144	32	609.621	654.66	45.0391	16	41.1497	13.2524	0.460793	607.094
144	48	610.262	651.559	41.2969	18	4000	-3.56011	1.63786	610.644
144	64	608.488	654.707	46.2188	14	45.1951	11.0144	0.456396	605.924
144	80	608.426	660.934	52.5078	18	42.0724	15.8977	0.410957	605.116
144	96	608.41	634.629	26.2188	10	44.8848	11.2624	0.428161	605.101
144	112	608.348	656.262	47.9141	14	74.4573	8.44256	0.599694	606.179
144	128	609.02	654.668	45.6484	14	50.1564	11.1875	0.506972	607.021
144	144	608.355	654.676	46.3203	20	37.0582	16.9943	0.360785	604.154
144	160	608.348	654.699	46.3516	16	104.15	7.83801	0.723349	606.821
144	176	609.863	660.949	51.0859	18	75.4282	12.7469	0.652061	608.517
144	192	608.395	657.816	49.4219	20	40.9843	17.7748	0.391664	604.749
144	208	609.715	653.965	44.25	12	185.126	9.66794	0.956323	609.568
144	224	609.059	651.262	42.2031	16	34.7663	17.5079	0.374776	605.751
144	240	608.379	654.676	46.2969	20	36.2342	17.0929	0.344801	604
160	0	611.363	653.879	42.5156	16	1314.56	-4.31935	1.42199	611.033
160	16	611.41	654.676	43.2656	16	27.9949	17.6968	0.413611	608.712
160	32	609.895	653.121	43.2266	16	47.5921	13.3409	0.50672	607.707
160	48	609.793	648.418	38.625	14	35.9146	15.2776	0.423049	606.972
160	64	609.59	654.715	45.125	16	113.474	6.44013	0.802286	608.854
160	80	609.402	654.715	45.3125	18	91.3661	10.1431	0.695306	608.32
160	96	608.73	657.84	49.1094	18	45.0869	14.4842	0.463048	606.38
160	112	608.348	651.512	43.1641	14	466.784	1.91116	1.10297	607.753
160	128	608.895	653.59	44.6953	12	131.585	10.5183	0.855387	608.823
160	144	609.457	657.793	48.3359	16	86.0815	9.64578	0.67164	608.194
160	160	608.355	654.637	46.2812	14	144.783	9.24797	0.818824	607.536
160	176	608.348	651.559	43.2109	16	282.193	8.29554	0.968045	607.545
160	192	608.348	654.629	46.2812	14	205.941	8.30409	0.941767	607.66
160	208	608.395	653.105	44.7109	16	35.7876	17.6334	0.324344	603.487
160	224	609.902	654.637	44.7344	16	289.69	8.8031	1.05397	609.787
160	240	609.902	659.402	49.5	14	71.4372	10.8011	0.655437	608.736
176	0	610.113	660.918	50.8047	16	163.262	5.75407	0.903962	609.851
176	16	610.254	654.629	44.375	18	29.4959	19.661	0.417329	608.215
176	32	609.949	657.785	47.8359	18	99.3259	10.9453	0.756142	609.147
176	48	610.738	657.754	47.0156	18	1690.43	-3.45065	1.48206	610.895
176	64	610.215	657.762	47.5469	18	30.4694	19.7582	0.358689	606.984
176	80	608.457	657.77	49.3125	16	47.7506	12.5878	0.450578	605.594
176	96	609.473	660.949	51.4766	18	78.0249	13.1255	0.668485	608.327
176	112	608.348	637.668	29.3203	14	61.1821	13.9346	0.532216	605.89
176	128	608.746	660.934	52.1875	14	53.9999	10.1229	0.515521	606.77
176	144	610.223	657.754	47.5312	20	108.319	12.4047	0.75728	609.424
176	160	608.871	654.629	45.7578	12	199.784	8.94485	0.954644	609.007
176	176	609.863	664.059	54.1953	18	96.7721	11.2168	0.717633	608.82
176	192	608.402	654.668	46.2656	14	43.0945	11.7175	0.410922	604.94
176	208	609.824	657.809	47.9844	14	36.2304	15.5925	0.388642	606.334
176	224	611.254	651.137	39.8828	16	4000	-4.56336	1.64675	611.054
176	240	609.637	641.434	31.7969	12	77.8247	11.6769	0.684413	608.557
192	0	611.496	642.574	31.0781	16	72.73	16.0187	0.699869	610.176
192	16	611.371	650.426	39.0547	14	35.4055	15.2583	0.486495	609.173
192	32	611.121	660.926	49.8047	18	1050.76	-0.747208	1.35361	610.884
192	48	611.48	660.895	49.4141	18	817.542	-0.275348	1.29671	610.982
192	64	609.965	664.043	54.0781	16	127.234	7.89629	0.815751	609.299
192	80	609.254	657.785	48.5312	18	70.1196	12.3578	0.618259	607.768
192	96	608.371	654.754	46.3828	14	32.9881	15.8102	0.279375	602.24
192	112	608.348	654.629	46.2812	14	28.9974	15.8769	0.278972	602.572
192	128	609.426	654.629	45.2031	12	158.387	10.589	0.967388	609.484
192	144	608.551	664.066	55.5156	14	50.4744	10.6884	0.487789	606.264
192	160	609.582	653.777	44.1953	16	36.8721	17.5003	0.376744	605.761
192	176	608.363	639.129	30.7656	12	35.4946	13.0051	0.326832	603.372
192	192	608.348	654.66	46.3125	10	119.38	9.14972	0.801503	607.63
192	208	609.926	657.793	47.8672	16	32.5028	17.7105	0.368386	606.399
192	224	611.496	664.012	52.5156	16	174.895	7.26999	0.854474	610.27
192	240	610.152	660.98	50.8281	18	221.689	6.67257	0.964424	609.975
208	0	610.77	654.629	43.8594	14	239.121	11.8179	1.13972	610.954
208	16	611.496	657.785	46.2891	16	342.141	12.189	1.19127	611.193
208	32	610.066	660.957	50.8906	18	43.2624	15.6833	0.498348	608.144
208	48	611.309	654.676	43.3672	22	4000	-9.81855	1.6294	611.092
208	64	609.816	660.941	51.125	14	73.8455	9.62477	0.679471	608.666
208	80	608.66	643.887	35.2266	12	33.4133	13.2969	0.372079	605.666
208	96	608.949	654.629	45.6797	12	160.359	10.2305	0.942054	609.212
208	112	608.348	660.934	52.5859	14	62.1289	9.46145	0.551434	605.999
208	128	609.434	654.629	45.1953	16	30.7776	17.7305	0.351	605.805
208	144	608.77	662.48	53.7109	14	59.7911	10.5747	0.573041	607.336
208	160	608.348	646.91	38.5625	12	37.7646	13.3602	0.327393	603.029
208	176	608.348	657.863	49.5156	14	33.0935	15.82	0.298499	602.609
208	192	609.754	659.379	49.625	14	31.0971	15.838	0.308106	604.851
208	208	609.582	657.84	48.2578	14	98.4644	7.92187	0.718355	608.481
208	224	609.996	653.223	43.2266	14	33.2099	15.6129	0.360711	606.33
208	240	610.332	653.129	42.7969	14	230.204	11.1358	1.06017	610.494
224	0	611.496	657.809	46.3125	18	247.458	4.57449	0.978144	610.615
224	16	611.496	667.16	55.6641	18	131.527	10.7029	0.822773	610.343
224	32	611.496	657.824	46.3281	14	175.261	11.665	0.907762	610.669
224	48	611.449	660.926	49.4766	14	195.196	6.78937	0.964614	610.673
224	64	611.496	657.801	46.3047	18	372.573	10.5748	1.1335	611.024
224	80	611.473	652.699	41.2266	16	42.6634	17.0371	0.491843	608.851
224	96	609.371	654.715	45.3438	14	78.9854	10.0849	0.687248	608.404
224	112	608.52	657.809	49.2891	18	41.7186	13.8757	0.417297	605.51
224	128	608.395	659.418	51.0234	16	48.2338	13.6987	0.462141	605.812
224	144	609.926	654.723	44.7969	14	117.033	7.29203	0.794485	609.192
224	160	608.402	654.379	45.9766	14	121.225	11.5683	0.78395	607.805
224	176	610.066	657.793	47.7266	18	151.677	8.74724	0.852095	609.608
224	192	609.191	646.918	37.7266	14	35.0272	15.3129	0.391273	606.164
224	208	610.34	660.965	50.625	14	281.218	3.33009	1.03048	610.271
224	224	610.965	660.949	49.9844	16	563.877	1.89975	1.22627	610.774
224	240	611.426	657.84	46.4141	16	292.402	6.74269	1.05961	610.766
240	0	611.473	653.145	41.6719	14	31.4923	15.549	0.428284	608.666
240	16	611.496	653.168	41.6719	18	110.043	11.9817	0.770058	610.193
240	32	611.496	657.785	46.2891	18	30.0907	19.7649	0.353974	607.467
240	48	611.402	651.402	40	14	37.4283	15.1928	0.510691	609.351
240	64	610.309	657.754	47.4453	14	30.5991	15.6998	0.404018	607.906
240	80	609.848	654.652	44.8047	16	47.6252	14.9753	0.547425	608.138
240	96	609.934	656.27	46.3359	18	30.1887	19.7684	0.344879	606.208
240	112	608.457	659.371	50.9141	16	42.1613	13.3886	0.427785	605.541
240	128	609.926	657.84	47.9141	16	107.815	7.84375	0.774303	609.162
240	144	611.488	654.637	43.1484	16	1205.75	7.14791	1.3992	611.178
240	160	608.699	654.629	45.9297	12	125.911	10.7743	0.853369	608.689
240	176	608.379	654.676	46.2969	14	32.5243	15.8315	0.269801	602.06
240	192	608.418	657.809	49.3906	12	142.031	10.4712	0.845078	608.263
240	208	609.684	646.887	37.2031	16	41.5305	16.883	0.461847	607.046
240	224	610.559	649.66	39.1016	16	37.0496	17.1811	0.472094	608.582
240	240	609.988	654.637	44.6484	16	150.681	14.967	0.989755	610.212
